Class distributions stats for all users

---- user 1 ----
   class
0  78682
3   7329
1   7311
6   7143
5   7075
4   6824
2   6806

---- user 2 ----
   class
0  94654
6   7372
1   7140
5   6856
3   6815
4   6812
2   6777

---- user 3 ----
   class
0  67770
3   6486
1   6443
4   6421
2   6301
5   6278
6   6086

---- user 4 ----
   class
0  72578
5   7423
4   7193
6   7060
3   6875
2   6598
1   6471

---- user 5 ----
   class
0  68057
3   6874
2   6806
4   6724
1   6506
6   6183
5   6098

---- user 6 ----
   class
0  61128
5   7094
4   6688
3   6663
2   6243
6   5989
1   5814

---- user 7 ----
   class
0  82641
6   9105
4   8923
5   8414
3   8383
2   7651
1   7523

---- user 8 ----
   class
0  80264
2   6537
6   6476
1   6468
5   6237
4   6027
3   5939

---- user 9 ----
   class
0  90407
1   7083
6   6474
5   6050
2   6019
3   5838
4   5776

---- user 10 ----
   class
0  81875
1   7690
6   6995
4   6766
5   6658
2   6571
3   6534

---- user 11 ----
   class
0  97452
1   7613
2   7273
4   7138
7   7105
5   7047
3   7037
6   6661

---- user 12 ----
   class
0  85056
5   7563
6   7521
3   7350
4   7242
2   6918
1   6901

---- user 13 ----
   class
0  90534
6  11522
4  10961
3  10699
5  10667
1  10204
2   8653

---- user 14 ----
   class
0  61963
5   6928
1   6670
4   6660
6   6452
3   6177
2   6153

---- user 15 ----
   class
0  65478
6   7296
4   6687
3   6540
1   6515
5   6462
2   6418

---- user 16 ----
   class
0  63248
6   7971
5   7290
3   7287
4   7173
2   6790
1   5742

---- user 17 ----
   class
0  91361
6   7007
5   6913
4   6809
2   6720
3   6709
1   6566

---- user 18 ----
   class
0  85534
3   8614
6   7667
4   7046
1   6996
5   6765
2   6690

---- user 19 ----
   class
0  66820
4   7638
5   7609
6   7348
2   7260
3   6973
1   6258

---- user 20 ----
   class
0  84697
1   7938
6   7436
2   7167
4   6995
3   6937
5   6683

---- user 21 ----
   class
0  80267
2   6837
3   6820
5   6605
1   6285
6   6270
4   6163

---- user 22 ----
   class
0  81194
5   6785
2   6724
6   6415
4   6208
3   6170
1   6133

---- user 23 ----
   class
0  71308
5   7945
4   7896
1   7478
3   7220
2   6908
6   6864

---- user 24 ----
   class
0  73152
5   7909
4   7640
6   7371
2   7274
1   6850
3   6744

---- user 25 ----
   class
0  77390
2   6817
1   6672
3   6575
5   6537
6   6391
4   6365

---- user 26 ----
   class
0  66490
1   8719
3   6420
4   6229
6   6217
2   6055
5   6024

---- user 27 ----
   class
0  64660
5   7405
4   7309
1   7167
6   6918
2   6686
3   6654

---- user 28 ----
   class
0  64522
6   5918
4   5733
2   5628
3   5488
5   5245
1   5232

---- user 29 ----
   class
0  64093
3   7495
6   7302
5   7261
4   7059
2   6460
1   6317

---- user 30 ----
   class
0  98180
1   8047
3   7480
2   7279
6   7223
4   7061
5   6700
7   6591

---- user 31 ----
   class
0  53642
1   6924
3   6197
4   6180
6   6077
5   6028
2   5975

---- user 32 ----
   class
0  75148
5   8604
4   8386
3   8271
2   8085
6   7786
1   6650

---- user 33 ----
   class
0  73298
1   7082
6   6530
4   6527
2   6316
5   6225
3   6127

---- user 34 ----
     class
0.0  85693
6.0   7782
4.0   7732
5.0   7710
1.0   7553
2.0   7458
3.0   7274

---- user 35 ----
   class
0  60383
5   6897
1   6703
4   6653
3   6422
2   6247
6   6196

---- user 36 ----
   class
0  65538
1   6391
2   6093
3   6078
6   5985
4   5926
5   5743

