Summary stats for all users

---- user 1 ----
                        mean            SD      min          max
time            31616.890427  18305.453871  1.00000  65661.00000
time_intervals      0.541883      0.528968  0.00000      9.00000
channel1           -0.000008      0.000135 -0.00116      0.00127
channel2           -0.000009      0.000132 -0.00113      0.00127
channel3           -0.000010      0.000120 -0.00106      0.00127
channel4           -0.000011      0.000151 -0.00112      0.00127
channel5           -0.000014      0.000193 -0.00128      0.00127
channel6           -0.000012      0.000148 -0.00112      0.00127
channel7           -0.000010      0.000121 -0.00109      0.00127
channel8           -0.000009      0.000133 -0.00102      0.00127
class               1.225047      1.952354  0.00000      6.00000

---- user 2 ----
                        mean            SD      min          max
time            35381.406096  20500.820726  1.00000  74525.00000
time_intervals      0.546260      0.524137  0.00000      8.00000
channel1           -0.000007      0.000154 -0.00128      0.00127
channel2           -0.000010      0.000059 -0.00107      0.00053
channel3           -0.000010      0.000106 -0.00102      0.00083
channel4           -0.000010      0.000255 -0.00128      0.00127
channel5           -0.000011      0.000189 -0.00128      0.00127
channel6           -0.000009      0.000131 -0.00128      0.00110
channel7           -0.000009      0.000143 -0.00128      0.00122
channel8           -0.000009      0.000104 -0.00115      0.00104
class               1.076767      1.881969  0.00000      6.00000

---- user 3 ----
                        mean            SD      min          max
time            27566.275843  16046.060709  1.00000  58772.00000
time_intervals      0.555570      0.524918  0.00000     10.00000
channel1           -0.000011      0.000236 -0.00128      0.00127
channel2           -0.000003      0.000275 -0.00128      0.00127
channel3           -0.000009      0.000176 -0.00109      0.00114
channel4           -0.000007      0.000204 -0.00128      0.00127
channel5           -0.000012      0.000289 -0.00128      0.00127
channel6           -0.000013      0.000268 -0.00128      0.00127
channel7           -0.000011      0.000193 -0.00128      0.00127
channel8           -0.000011      0.000178 -0.00127      0.00127
class               1.248693      1.953912  0.00000      6.00000

---- user 4 ----
                        mean            SD      min          max
time            29694.447503  17183.291586  1.00000  61061.00000
time_intervals      0.534685      0.506169  0.00000      6.00000
channel1           -0.000005      0.000234 -0.00128      0.00127
channel2           -0.000010      0.000113 -0.00082      0.00091
channel3           -0.000010      0.000150 -0.00116      0.00090
channel4           -0.000009      0.000227 -0.00128      0.00127
channel5           -0.000018      0.000275 -0.00128      0.00127
channel6           -0.000009      0.000155 -0.00101      0.00094
channel7           -0.000008      0.000127 -0.00121      0.00117
channel8           -0.000009      0.000135 -0.00114      0.00103
class               1.300715      1.999050  0.00000      6.00000

---- user 5 ----
                        mean            SD      min          max
time            27895.064094  16193.943348  1.00000  59045.00000
time_intervals      0.550537      0.523311  0.00000      8.00000
channel1           -0.000009      0.000098 -0.00128      0.00120
channel2           -0.000010      0.000071 -0.00111      0.00095
channel3           -0.000010      0.000066 -0.00095      0.00050
channel4           -0.000009      0.000135 -0.00123      0.00119
channel5           -0.000012      0.000206 -0.00128      0.00125
channel6           -0.000011      0.000181 -0.00128      0.00127
channel7           -0.000010      0.000110 -0.00093      0.00096
channel8           -0.000009      0.000119 -0.00123      0.00112
class               1.260853      1.949794  0.00000      6.00000

---- user 6 ----
                        mean            SD      min          max
time            26166.566830  15153.214798  1.00000  53628.00000
time_intervals      0.538321      0.520885  0.00000      8.00000
channel1           -0.000008      0.000155 -0.00128      0.00127
channel2           -0.000010      0.000084 -0.00083      0.00070
channel3           -0.000009      0.000125 -0.00121      0.00116
channel4           -0.000012      0.000206 -0.00128      0.00127
channel5           -0.000014      0.000183 -0.00128      0.00127
channel6           -0.000010      0.000134 -0.00089      0.00096
channel7           -0.000008      0.000101 -0.00084      0.00074
channel8           -0.000009      0.000134 -0.00128      0.00127
class               1.369668      2.013403  0.00000      6.00000

---- user 7 ----
                        mean            SD      min          max
time            34168.468418  19740.270878  1.00000  70636.00000
time_intervals      0.532532      0.522344  0.00000      8.00000
channel1           -0.000008      0.000141 -0.00114      0.00120
channel2           -0.000010      0.000052 -0.00052      0.00037
channel3           -0.000010      0.000105 -0.00086      0.00091
channel4           -0.000010      0.000248 -0.00128      0.00127
channel5           -0.000019      0.000280 -0.00128      0.00127
channel6           -0.000010      0.000098 -0.00087      0.00098
channel7           -0.000010      0.000115 -0.00117      0.00125
channel8           -0.000008      0.000221 -0.00128      0.00127
class               1.359816      2.034851  0.00000      6.00000

---- user 8 ----
                        mean            SD      min          max
time            30585.533905  17707.288519  1.00000  62924.00000
time_intervals      0.533481      0.527334  0.00000      9.00000
channel1           -0.000009      0.000207 -0.00128      0.00127
channel2           -0.000013      0.000137 -0.00105      0.00127
channel3           -0.000008      0.000239 -0.00128      0.00127
channel4           -0.000007      0.000335 -0.00128      0.00127
channel5           -0.000029      0.000372 -0.00128      0.00127
channel6           -0.000014      0.000297 -0.00128      0.00127
channel7           -0.000010      0.000259 -0.00128      0.00127
channel8           -0.000011      0.000233 -0.00128      0.00127
class               1.114966      1.898090  0.00000      6.00000

---- user 9 ----
                        mean            SD      min          max
time            33341.708031  19225.002515  1.00000  67781.00000
time_intervals      0.530996      0.528411  0.00000      9.00000
channel1           -0.000009      0.000128 -0.00119      0.00125
channel2           -0.000010      0.000098 -0.00107      0.00122
channel3           -0.000010      0.000058 -0.00050      0.00054
channel4           -0.000009      0.000132 -0.00124      0.00123
channel5           -0.000015      0.000194 -0.00128      0.00127
channel6           -0.000010      0.000170 -0.00122      0.00127
channel7           -0.000009      0.000106 -0.00097      0.00094
channel8           -0.000008      0.000174 -0.00128      0.00127
class               1.009291      1.836255  0.00000      6.00000

---- user 10 ----
                        mean            SD      min          max
time            32169.675820  18558.145520  1.00000  64557.00000
time_intervals      0.524466      0.529226  0.00000      9.00000
channel1           -0.000008      0.000112 -0.00109      0.00107
channel2           -0.000010      0.000057 -0.00043      0.00054
channel3           -0.000009      0.000090 -0.00089      0.00098
channel4           -0.000011      0.000230 -0.00128      0.00127
channel5           -0.000018      0.000266 -0.00128      0.00127
channel6           -0.000012      0.000228 -0.00128      0.00127
channel7           -0.000011      0.000184 -0.00128      0.00127
channel8           -0.000008      0.000123 -0.00117      0.00127
class               1.159795      1.919967  0.00000      6.00000

---- user 11 ----
                        mean            SD      min          max
time            38051.369351  21971.590322  1.00000  77085.00000
time_intervals      0.523217      0.522652  0.00000      8.00000
channel1           -0.000006      0.000214 -0.00128      0.00127
channel2           -0.000005      0.000204 -0.00128      0.00127
channel3           -0.000010      0.000105 -0.00103      0.00119
channel4           -0.000006      0.000244 -0.00128      0.00127
channel5           -0.000009      0.000361 -0.00128      0.00127
channel6           -0.000018      0.000297 -0.00128      0.00127
channel7           -0.000008      0.000173 -0.00128      0.00127
channel8           -0.000019      0.000249 -0.00128      0.00127
class               1.335528      2.203904  0.00000      7.00000

---- user 12 ----
                        mean            SD      min          max
time            33069.740679  19099.404199  1.00000  67789.00000
time_intervals      0.527324      0.522640  0.00000      9.00000
channel1           -0.000009      0.000096 -0.00102      0.00088
channel2           -0.000010      0.000095 -0.00116      0.00104
channel3           -0.000010      0.000083 -0.00087      0.00055
channel4           -0.000008      0.000192 -0.00128      0.00127
channel5           -0.000014      0.000262 -0.00128      0.00127
channel6           -0.000011      0.000221 -0.00128      0.00127
channel7           -0.000009      0.000115 -0.00091      0.00100
channel8           -0.000010      0.000113 -0.00110      0.00116
class               1.203382      1.952902  0.00000      6.00000

---- user 13 ----
                        mean            SD      min          max
time            40044.792332  23156.666845  1.00000  81357.00000
time_intervals      0.530906      0.528365  0.00000      9.00000
channel1           -0.000009      0.000148 -0.00123      0.00117
channel2           -0.000010      0.000072 -0.00074      0.00113
channel3           -0.000010      0.000158 -0.00128      0.00127
channel4           -0.000013      0.000265 -0.00128      0.00127
channel5           -0.000016      0.000299 -0.00128      0.00127
channel6           -0.000012      0.000207 -0.00128      0.00127
channel7           -0.000010      0.000144 -0.00115      0.00119
channel8           -0.000010      0.000199 -0.00128      0.00127
class               1.474276      2.082996  0.00000      6.00000

---- user 14 ----
                        mean            SD      min          max
time            26178.542608  15151.438421  1.00000  54668.00000
time_intervals      0.541241      0.524323  0.00000     10.00000
channel1           -0.000008      0.000105 -0.00102      0.00127
channel2           -0.000009      0.000080 -0.00108      0.00127
channel3           -0.000009      0.000086 -0.00062      0.00127
channel4           -0.000014      0.000233 -0.00128      0.00127
channel5           -0.000015      0.000183 -0.00128      0.00127
channel6           -0.000010      0.000193 -0.00128      0.00127
channel7           -0.000008      0.000130 -0.00117      0.00127
channel8           -0.000011      0.000192 -0.00128      0.00127
class               1.361336      2.019010  0.00000      6.00000

---- user 15 ----
                        mean            SD      min          max
time            27233.274574  15687.244951  1.00000  55302.00000
time_intervals      0.524702      0.521602  0.00000      8.00000
channel1           -0.000005      0.000249 -0.00128      0.00127
channel2           -0.000012      0.000216 -0.00128      0.00127
channel3           -0.000010      0.000068 -0.00089      0.00079
channel4           -0.000009      0.000114 -0.00101      0.00108
channel5           -0.000011      0.000328 -0.00128      0.00127
channel6           -0.000013      0.000298 -0.00128      0.00127
channel7           -0.000009      0.000145 -0.00128      0.00119
channel8           -0.000009      0.000161 -0.00128      0.00126
class               1.345450      2.023285  0.00000      6.00000

---- user 16 ----
                        mean            SD      min          max
time            27270.720296  15811.842906  1.00000  57172.00000
time_intervals      0.541900      0.523079  0.00000      8.00000
channel1           -0.000008      0.000105 -0.00104      0.00094
channel2           -0.000010      0.000084 -0.00074      0.00057
channel3           -0.000010      0.000117 -0.00097      0.00098
channel4           -0.000012      0.000240 -0.00128      0.00127
channel5           -0.000019      0.000285 -0.00128      0.00127
channel6           -0.000011      0.000231 -0.00128      0.00127
channel7           -0.000010      0.000149 -0.00089      0.00088
channel8           -0.000009      0.000108 -0.00082      0.00088
class               1.461133      2.081796  0.00000      6.00000

---- user 17 ----
                        mean            SD      min          max
time            34362.558754  19850.198076  1.00000  69701.00000
time_intervals      0.527687      0.525565  0.00000      9.00000
channel1           -0.000008      0.000075 -0.00098      0.00087
channel2           -0.000010      0.000074 -0.00083      0.00062
channel3           -0.000010      0.000109 -0.00119      0.00127
channel4           -0.000009      0.000154 -0.00128      0.00127
channel5           -0.000013      0.000175 -0.00128      0.00127
channel6           -0.000010      0.000159 -0.00128      0.00127
channel7           -0.000009      0.000088 -0.00076      0.00085
channel8           -0.000009      0.000117 -0.00100      0.00127
class               1.090025      1.888183  0.00000      6.00000

---- user 18 ----
                        mean            SD      min          max
time            33456.695434  19321.510717  1.00000  69021.00000
time_intervals      0.533748      0.522411  0.00000      8.00000
channel1           -0.000009      0.000132 -0.00128      0.00127
channel2           -0.000009      0.000129 -0.00128      0.00125
channel3           -0.000011      0.000090 -0.00082      0.00061
channel4           -0.000007      0.000195 -0.00128      0.00127
channel5           -0.000011      0.000207 -0.00128      0.00127
channel6           -0.000016      0.000231 -0.00128      0.00127
channel7           -0.000009      0.000135 -0.00128      0.00127
channel8           -0.000010      0.000142 -0.00128      0.00112
class               1.192689      1.937074  0.00000      6.00000

---- user 19 ----
                        mean            SD      min          max
time            28680.371982  16706.970291  1.00000  61284.00000
time_intervals      0.557591      0.529585  0.00000     13.00000
channel1           -0.000008      0.000106 -0.00118      0.00127
channel2           -0.000009      0.000069 -0.00075      0.00071
channel3           -0.000010      0.000098 -0.00105      0.00109
channel4           -0.000014      0.000225 -0.00128      0.00127
channel5           -0.000018      0.000285 -0.00128      0.00127
channel6           -0.000010      0.000162 -0.00108      0.00127
channel7           -0.000011      0.000139 -0.00112      0.00100
channel8           -0.000010      0.000137 -0.00120      0.00127
class               1.404673      2.041737  0.00000      6.00000

---- user 20 ----
                        mean            SD      min          max
time            33314.759067  19271.207345  1.00000  68572.00000
time_intervals      0.536327      0.528233  0.00000      9.00000
channel1           -0.000005      0.000180 -0.00116      0.00127
channel2           -0.000007      0.000128 -0.00118      0.00127
channel3           -0.000007      0.000170 -0.00128      0.00127
channel4           -0.000003      0.000327 -0.00128      0.00127
channel5           -0.000010      0.000308 -0.00128      0.00127
channel6           -0.000008      0.000325 -0.00128      0.00127
channel7           -0.000012      0.000205 -0.00128      0.00127
channel8           -0.000007      0.000286 -0.00128      0.00127
class               1.166136      1.921125  0.00000      6.00000

---- user 21 ----
                        mean            SD      min          max
time            31333.907545  18146.887606  1.00000  65412.00000
time_intervals      0.548534      0.540766  0.00000      8.00000
channel1           -0.000006      0.000233 -0.00128      0.00127
channel2           -0.000010      0.000076 -0.00102      0.00081
channel3           -0.000010      0.000138 -0.00128      0.00119
channel4           -0.000007      0.000282 -0.00128      0.00127
channel5           -0.000024      0.000342 -0.00128      0.00127
channel6           -0.000013      0.000308 -0.00128      0.00127
channel7           -0.000009      0.000175 -0.00128      0.00127
channel8           -0.000009      0.000195 -0.00128      0.00127
class               1.138108      1.898959  0.00000      6.00000

---- user 22 ----
                        mean            SD      min          max
time            30909.470555  17844.987112  1.00000  63781.00000
time_intervals      0.533148      0.522553  0.00000      7.00000
channel1           -0.000009      0.000139 -0.00109      0.00116
channel2           -0.000010      0.000152 -0.00122      0.00097
channel3           -0.000004      0.000263 -0.00128      0.00127
channel4           -0.000006      0.000249 -0.00128      0.00127
channel5           -0.000009      0.000084 -0.00083      0.00082
channel6           -0.000009      0.000060 -0.00084      0.00060
channel7           -0.000009      0.000049 -0.00048      0.00035
channel8           -0.000009      0.000095 -0.00082      0.00064
class               1.131314      1.907651  0.00000      6.00000

---- user 23 ----
                        mean            SD      min          max
time            29911.485214  17284.809155  1.00000  62084.00000
time_intervals      0.536962      0.524288  0.00000      8.00000
channel1           -0.000007      0.000193 -0.00128      0.00127
channel2           -0.000011      0.000132 -0.00119      0.00127
channel3           -0.000010      0.000113 -0.00099      0.00105
channel4           -0.000015      0.000283 -0.00128      0.00127
channel5           -0.000026      0.000368 -0.00128      0.00127
channel6           -0.000005      0.000240 -0.00128      0.00127
channel7           -0.000012      0.000208 -0.00128      0.00127
channel8           -0.000009      0.000225 -0.00128      0.00127
class               1.344476      2.001488  0.00000      6.00000

---- user 24 ----
                        mean            SD      min          max
time            30255.655191  17556.628483  1.00000  63878.00000
time_intervals      0.546237      0.527127  0.00000     18.00000
channel1           -0.000007      0.000108 -0.00103      0.00106
channel2           -0.000009      0.000074 -0.00100      0.00099
channel3           -0.000010      0.000067 -0.00061      0.00048
channel4           -0.000009      0.000143 -0.00098      0.00127
channel5           -0.000013      0.000240 -0.00128      0.00127
channel6           -0.000009      0.000132 -0.00119      0.00119
channel7           -0.000008      0.000104 -0.00108      0.00127
channel8           -0.000009      0.000164 -0.00117      0.00127
class               1.333684      2.013220  0.00000      6.00000

---- user 25 ----
                        mean            SD      min          max
time            30333.567021  17705.341223  1.00000  64725.00000
time_intervals      0.554395      0.505391  0.00000      5.00000
channel1           -0.000007      0.000218 -0.00128      0.00127
channel2           -0.000010      0.000157 -0.00107      0.00108
channel3           -0.000011      0.000137 -0.00111      0.00085
channel4           -0.000013      0.000305 -0.00128      0.00127
channel5           -0.000023      0.000343 -0.00128      0.00127
channel6           -0.000012      0.000255 -0.00128      0.00127
channel7           -0.000010      0.000187 -0.00128      0.00127
channel8           -0.000008      0.000224 -0.00128      0.00127
class               1.169383      1.916510  0.00000      6.00000

---- user 26 ----
                        mean            SD      min          max
time            28002.332705  16216.483619  1.00000  59213.00000
time_intervals      0.557793      0.528697  0.00000      9.00000
channel1           -0.000010      0.000206 -0.00128      0.00127
channel2           -0.000010      0.000116 -0.00111      0.00114
channel3           -0.000010      0.000179 -0.00128      0.00127
channel4           -0.000011      0.000251 -0.00128      0.00127
channel5           -0.000019      0.000293 -0.00128      0.00127
channel6           -0.000014      0.000245 -0.00128      0.00127
channel7           -0.000011      0.000184 -0.00128      0.00127
channel8           -0.000012      0.000174 -0.00128      0.00106
class               1.247499      1.940182  0.00000      6.00000

---- user 27 ----
                        mean            SD      min          max
time            27635.774970  16055.628817  1.00000  58318.00000
time_intervals      0.546040      0.521791  0.00000      8.00000
channel1           -0.000009      0.000125 -0.00116      0.00110
channel2           -0.000010      0.000089 -0.00113      0.00102
channel3           -0.000010      0.000094 -0.00128      0.00086
channel4           -0.000013      0.000245 -0.00128      0.00127
channel5           -0.000020      0.000289 -0.00128      0.00127
channel6           -0.000010      0.000243 -0.00128      0.00127
channel7           -0.000011      0.000189 -0.00128      0.00127
channel8           -0.000010      0.000176 -0.00128      0.00127
class               1.388309      2.027613  0.00000      6.00000

---- user 28 ----
                        mean            SD      min          max
time            25548.898503  14731.440929  1.00000  52493.00000
time_intervals      0.536910      0.529982  0.00000     10.00000
channel1           -0.000008      0.000116 -0.00128      0.00127
channel2           -0.000009      0.000099 -0.00112      0.00116
channel3           -0.000009      0.000117 -0.00089      0.00100
channel4           -0.000008      0.000113 -0.00120      0.00114
channel5           -0.000012      0.000195 -0.00128      0.00127
channel6           -0.000009      0.000168 -0.00109      0.00127
channel7           -0.000008      0.000134 -0.00128      0.00124
channel8           -0.000009      0.000146 -0.00128      0.00127
class               1.203046      1.949441  0.00000      6.00000

---- user 29 ----
                        mean            SD      min          max
time            27365.649967  15815.899177  2.00000  55885.00000
time_intervals      0.527263      0.525499  0.00000     13.00000
channel1           -0.000008      0.000066 -0.00099      0.00061
channel2           -0.000009      0.000044 -0.00041      0.00032
channel3           -0.000009      0.000066 -0.00070      0.00064
channel4           -0.000011      0.000209 -0.00128      0.00127
channel5           -0.000014      0.000216 -0.00128      0.00127
channel6           -0.000009      0.000102 -0.00077      0.00096
channel7           -0.000009      0.000074 -0.00076      0.00059
channel8           -0.000009      0.000090 -0.00128      0.00100
class               1.415976      2.047800  0.00000      6.00000

---- user 30 ----
                        mean            SD      min          max
time            38405.945174  22291.423025  0.00000  80478.00000
time_intervals      0.541717      0.523117  0.00000      8.00000
channel1           -0.000009      0.000077 -0.00088      0.00098
channel2           -0.000010      0.000041 -0.00037      0.00033
channel3           -0.000010      0.000075 -0.00064      0.00045
channel4           -0.000009      0.000182 -0.00113      0.00127
channel5           -0.000012      0.000253 -0.00128      0.00127
channel6           -0.000008      0.000192 -0.00110      0.00127
channel7           -0.000009      0.000084 -0.00118      0.00089
channel8           -0.000009      0.000120 -0.00110      0.00100
class               1.321100      2.184080  0.00000      7.00000

---- user 31 ----
                        mean            SD      min          max
time            23991.264614  13873.639634  1.00000  48436.00000
time_intervals      0.532118      0.529106  0.00000      9.00000
channel1           -0.000003      0.000307 -0.00128      0.00127
channel2           -0.000009      0.000122 -0.00111      0.00090
channel3           -0.000010      0.000118 -0.00077      0.00105
channel4           -0.000010      0.000292 -0.00128      0.00127
channel5           -0.000018      0.000339 -0.00128      0.00127
channel6           -0.000008      0.000215 -0.00116      0.00127
channel7           -0.000008      0.000186 -0.00111      0.00116
channel8           -0.000007      0.000251 -0.00128      0.00127
class               1.414884      2.023598  0.00000      6.00000

---- user 32 ----
                        mean            SD      min          max
time            31971.274872  18439.074070  1.00000  65245.00000
time_intervals      0.530741      0.526161  0.00000      9.00000
channel1           -0.000007      0.000156 -0.00128      0.00127
channel2           -0.000008      0.000151 -0.00128      0.00127
channel3           -0.000009      0.000098 -0.00116      0.00105
channel4           -0.000008      0.000165 -0.00128      0.00127
channel5           -0.000025      0.000279 -0.00128      0.00127
channel6           -0.000010      0.000214 -0.00128      0.00127
channel7           -0.000008      0.000101 -0.00097      0.00101
channel8           -0.000009      0.000124 -0.00117      0.00127
class               1.390328      2.027590  0.00000      6.00000

---- user 33 ----
                        mean            SD      min          max
time            29288.339664  16992.124674  1.00000  61244.00000
time_intervals      0.546300      0.525011  0.00000      9.00000
channel1           -0.000009      0.000132 -0.00109      0.00127
channel2           -0.000009      0.000119 -0.00128      0.00127
channel3           -0.000010      0.000145 -0.00122      0.00127
channel4           -0.000011      0.000316 -0.00128      0.00127
channel5           -0.000021      0.000316 -0.00128      0.00127
channel6           -0.000012      0.000294 -0.00128      0.00127
channel7           -0.000011      0.000240 -0.00128      0.00127
channel8           -0.000012      0.000207 -0.00124      0.00127
class               1.199839      1.938444  0.00000      6.00000

---- user 34 ----
                        mean            SD      min          max
time            36055.446560  23226.129191  1.00000  97144.00000
time_intervals      0.740402     38.175094  0.00000  13827.00000
channel1           -0.000009      0.000090 -0.00126      0.00091
channel2           -0.000010      0.000105 -0.00128      0.00127
channel3           -0.000010      0.000080 -0.00082      0.00058
channel4           -0.000010      0.000149 -0.00125      0.00117
channel5           -0.000015      0.000232 -0.00128      0.00127
channel6           -0.000012      0.000177 -0.00128      0.00127
channel7           -0.000009      0.000098 -0.00082      0.00089
channel8           -0.000010      0.000086 -0.00097      0.00094
class               1.223007      1.958441  0.00000      6.00000

---- user 35 ----
                        mean            SD      min          max
time            25648.655441  14805.764644  1.00000  51988.00000
time_intervals      0.522477      0.522470  0.00000      7.00000
channel1           -0.000009      0.000244 -0.00128      0.00127
channel2           -0.000009      0.000157 -0.00128      0.00127
channel3           -0.000010      0.000068 -0.00061      0.00048
channel4           -0.000008      0.000183 -0.00128      0.00127
channel5           -0.000019      0.000370 -0.00128      0.00127
channel6           -0.000011      0.000278 -0.00128      0.00127
channel7           -0.000006      0.000252 -0.00128      0.00127
channel8           -0.000013      0.000261 -0.00128      0.00127
class               1.374217      2.013804  0.00000      6.00000

---- user 36 ----
                        mean            SD      min          max
time            26485.100713  15306.506849  1.00000  54836.00000
time_intervals      0.538898      0.527958  0.00000     12.00000
channel1           -0.000008      0.000155 -0.00128      0.00127
channel2           -0.000010      0.000072 -0.00074      0.00054
channel3           -0.000009      0.000066 -0.00064      0.00059
channel4           -0.000008      0.000124 -0.00108      0.00087
channel5           -0.000014      0.000209 -0.00128      0.00127
channel6           -0.000009      0.000103 -0.00097      0.00090
channel7           -0.000008      0.000097 -0.00120      0.00122
channel8           -0.000008      0.000091 -0.00094      0.00078
class               1.229829      1.946215  0.00000      6.00000

